2  3  4  4  3  4 11  2  3  6  2  3  7  4 11  2  6  9 11 11  8  6 11  2 11
6 11  8 11  0 11  2 11  3 11 11 11  2 11 11  6  4  2  6  3  6  2  3  2  6
2  2 11  4  4  3  3 11  8 11 10 11  2  2  2 11  4 11 11 11  2  2  2  4  2
9  3  4 11 11  3 11 11 10  2 11  3  2  2  2  4 11  3  3  2 11  4  3  6 11
11  2  7 11  2  2 11  3 11 11  2 11 11 11  2  3 11  4  0  6  7  3  2 11  2
0 11 11  2 11  3 11  2  6 11 11  4 11  2 11  3  2  2  2  8 11  2  3 11 11
11 11  5  0 11 10 11  3  4  3  2  2  3 10  2 11  2  3 11  4  2  2  8 10  8
2 11  2 11  2  2  2  6  4 11  2 10  2  2  2 10 11 11 11  4 11  2  3  5 11
3 11  5  0  2  2  8 11 11 11 11  4  7  8 11  0 11 11  7 11 11  3  3 11  3
11 11  6 11 11  2  9  4  4 11 11  3  2  8  8  6 11  7  4  2  3  3 11 11  2
4  2  6  4  8  3  2 11  0 11  2  2  0  2  2 11  2 11 11  2 11 11 11  2  4
4  1  3  4  4  3 11  2  6 11  6  3  4  6 11  2 11  2 11  3  6 11  5
