2  1  5  5  1  5  8  2  1 11  2  1  4  5  8  2 11  9  8  8  3 11  8  2  8
11  8  3  8 10  8  2  8  1  8  8  8  2  8  8 11  5  2 11  1 11  2  1  2 11
2  2  8  5  5  1  1  8  3  8  7  8  2  2  2  8  5  8  8  8  2  2  2  5  2
9  1  5  8  8  1  8  8  7  2  8  1  2  2  2  5  8  1  1  2  8  5  1 11  8
8  2  4  8  2  2  8  1  8  8  2  8  8  8  2  1  8  5 10 11  4  1  2  8  2
10  8  8  2  8  1  8  2 11  8  8  5  8  2  8  1  2  2  2  3  8  2  1  8  8
8  8  6 10  8  7  8  1  5  1  2  2  1  7  2  8  2  1  8  5  2  2  3  7  3
2  8  2  8  2  2  2 11  5  8  2  7  2  2  2  7  8  8  8  5  8  2  1  6  8
1  8  6 10  2  2  3  8  8  8  8  5  4  3  8 10  8  8  4  8  8  1  1  8  1
8  8 11  8  8  2  9  5  5  8  8  1  2  3  3 11  8  4  5  2  1  1  8  8  2
5  2 11  5  3  1  2  8 10  8  2  2 10  2  2  8  2  8  8  2  8  8  8  2  5
5  0  1  5  5  1  8  2 11  8 11  1  5 11  8  2  8  2  8  1 11  8  6
